acc: [0.16566666666666666, 0.17033333333333334, 0.17433333333333334]
loss: [13.335570538838704, 13.372646606445313, 13.30817423248291]
batch: [46, 46, 46]
val_acc: [0.18194483142936752, 0.18194483142936752, 0.18194483142936752]
val_loss: [13.185491313572944, 13.185491313572944, 13.185491313572944]
size: [31, 31, 31]
depth2: 2
depth1: 3
lr: 0.0955905430661
output_dir: ./
nb_filters_2: 32
nb_filters_1: 32
nb_epoch: 3
dropout: 0.0454863604632
reg: 0.0332493947618
