acc: [0.22433333333333333, 0.24766666666666667, 0.24833333333333332]
loss: [2.0892409296035765, 1.8175778328577676, 1.8154940958023071]
batch: [46, 46, 46]
val_acc: [0.24937308442463083, 0.24937308442463083, 0.24937308442463083]
val_loss: [1.8202200786886058, 1.8144086026055928, 1.8130836757520143]
size: [31, 31, 31]
depth2: 2
depth1: 3
lr: 0.0240344872178
output_dir: ./
nb_filters_2: 32
nb_filters_1: 32
nb_epoch: 3
dropout: 0.0454863604632
reg: 0.0332493947618
