acc: [0.12566666666666668, 0.12466666666666666]
loss: [14.080956001281738, 14.108706296284993]
batch: [46, 46]
val_acc: [0.11563109501253831, 0.11563109501253831]
val_loss: [14.254342328675047, 14.254342328675047]
size: [31, 31]
nb_filters_1: 32
nb_filters_2: 64
dropout: 0.810136383491
reg: 0.0136295459702
lr: 0.0785856815888
nb_epoch: 2
