acc: [0.14899999999999999, 0.14733333333333334]
loss: [13.67480717976888, 13.743362762451172]
batch: [46, 46]
val_acc: [0.13011981053218166, 0.13011981053218166]
val_loss: [14.020811889257295, 14.020811889257295]
size: [31, 31]
nb_filters_1: 32
nb_filters_2: 64
dropout: 0.499727185346
reg: 0.0212600543111
lr: 0.030517468933
nb_epoch: 2
