acc: [0.156, 0.15933333333333333, 0.16233333333333333, 0.16266666666666665, 0.156]
loss: [13.599477416992187, 13.549945604960124, 13.501591379801432, 13.496218701680501, 13.603672706604003]
batch: [46, 46, 46, 46, 46]
val_acc: [0.13820005572582891, 0.13820005572582891, 0.13820005572582891, 0.13820005572582891, 0.13820005572582891]
val_loss: [13.890573715758411, 13.890573715758411, 13.890573715758411, 13.890573715758411, 13.890573715758411]
size: [31, 31, 31, 31, 31]
nb_filters_1: 32
nb_filters_2: 64
dropout: 0.920622831514
reg: 0.0493720677061
lr: 0.0636402144912
nb_epoch: 5
