acc: [0.16033333333333333, 0.16200000000000001, 0.15766666666666668, 0.16766666666666666, 0.16600000000000001]
loss: [13.525165977478027, 13.506964078267416, 13.576809122721354, 13.415628184000651, 13.442491666158041]
batch: [46, 46, 46, 46, 46]
val_acc: [0.13011981053218166, 0.13011981053218166, 0.13011981053218166, 0.13011981053218166, 0.13011981053218166]
val_loss: [14.020811889257295, 14.020811889257295, 14.020811889257295, 14.020811889257295, 14.020811889257295]
size: [31, 31, 31, 31, 31]
nb_filters_1: 32
nb_filters_2: 64
dropout: 0.920622831514
reg: 0.000418386601794
lr: 0.0358537361308
nb_epoch: 5
