acc: [0.17100000000000001, 0.17199999999999999, 0.16733333333333333, 0.16966666666666666, 0.16900000000000001]
loss: [13.294359792073568, 13.345783154805501, 13.421000867207844, 13.383392000834148, 13.394137453715006]
batch: [46, 46, 46, 46, 46]
val_acc: [0.16912789077737531, 0.16912789077737531, 0.16912789077737531, 0.16912789077737531, 0.16912789077737531]
val_loss: [13.392075939077493, 13.392075939077493, 13.392075939077493, 13.392075939077493, 13.392075939077493]
size: [31, 31, 31, 31, 31]
nb_filters_1: 32
nb_filters_2: 64
dropout: 0.0715811210903
reg: 0.0493720677061
lr: 0.0636402144912
nb_epoch: 5
