acc: [0.17399999999999999, 0.15966666666666668, 0.17366666666666666, 0.17433333333333334, 0.16200000000000001]
loss: [13.312274373372396, 13.544572987874348, 13.318919677734375, 13.308174207051595, 13.506964057922364]
batch: [46, 46, 46, 46, 46]
val_acc: [0.13011981053218166, 0.13011981053218166, 0.13011981053218166, 0.13011981053218166, 0.13011981053218166]
val_loss: [14.020811889257295, 14.020811889257295, 14.020811889257295, 14.020811889257295, 14.020811889257295]
size: [31, 31, 31, 31, 31]
nb_filters_1: 32
nb_filters_2: 64
dropout: 0.920622831514
reg: 0.0493720677061
lr: 0.0358537361308
nb_epoch: 5
