acc: [0.17366666666666666, 0.16733333333333333]
loss: [13.299802327473959, 13.421000897725424]
batch: [46, 46]
val_acc: [0.18194483142936752, 0.18194483142936752]
val_loss: [13.185491313572944, 13.185491313572944]
size: [31, 31]
nb_filters_1: 32
nb_filters_2: 64
dropout: 0.810136383491
reg: 0.0136295459702
lr: 0.030517468933
nb_epoch: 2
