acc: [0.16900000000000001, 0.16500000000000001]
loss: [13.342497367858886, 13.458609708150227]
batch: [46, 46]
val_acc: [0.16912789077737531, 0.16912789077737531]
val_loss: [13.392075939077493, 13.392075939077493]
size: [31, 31]
nb_filters_1: 77
nb_filters_2: 202
dropout: 0.568911661366
reg: 0.0603820571472
lr: 0.051842775417
nb_epoch: 2
