acc: [0.20666666666666667, 0.20766666666666667]
loss: [12.738399553934734, 12.770904411315918]
batch: [46, 46]
val_acc: [0.24937308442463083, 0.24937308442463083]
val_loss: [12.098676237232276, 12.098676237232276]
size: [31, 31]
nb_filters_1: 32
nb_filters_2: 64
dropout: 0.499727185346
reg: 0.0136295459702
lr: 0.030517468933
nb_epoch: 2
