acc: [0.22233333333333333, 0.22433333333333333]
loss: [12.531095855712891, 12.502269452412923]
batch: [46, 46]
val_acc: [0.24937308442463083, 0.24937308442463083]
val_loss: [12.098676237232276, 12.098676237232276]
size: [31, 31]
nb_filters_1: 32
nb_filters_2: 64
dropout: 0.810136383491
reg: 0.0212600543111
lr: 0.030517468933
nb_epoch: 2
