acc: [0.248, 0.24833333333333332]
loss: [12.081774223327637, 12.115435173034667]
batch: [46, 46]
val_acc: [0.24937308442463083, 0.24937308442463083]
val_loss: [12.098676237232276, 12.098676237232276]
size: [31, 31]
nb_filters_1: 77
nb_filters_2: 202
dropout: 0.568911661366
reg: 0.0426953169666
lr: 0.051842775417
nb_epoch: 2
