acc: [0.14566666666666667, 0.14566666666666667, 0.14566666666666667]
loss: [13.762656194051107, 13.846246899922688, 13.835226582845053]
batch: [46, 46, 46]
val_acc: [0.13011981053218166, 0.13011981053218166, 0.13011981053218166]
val_loss: [14.020811889257295, 14.020811889257295, 14.020811889257295]
size: [31, 31, 31]
depth2: 2
depth1: 2
lr: 0.00990653324749
output_dir: ./
nb_filters_2: 64
nb_filters_1: 64
nb_epoch: 3
dropout: 0.154113329112
reg: 4.79907842444e-05
fractional_pooling: True
