acc: [0.17266666666666666, 0.17399999999999999, 0.17399999999999999]
loss: [13.277126998901368, 13.36036141204834, 13.356195986429849]
batch: [46, 46, 46]
val_acc: [0.16912789077737531, 0.16912789077737531, 0.16912789077737531]
val_loss: [13.392075939077493, 13.392075939077493, 13.392075939077493]
size: [31, 31, 31]
depth2: 2
depth1: 2
lr: 0.00330429694203
output_dir: ./
nb_filters_2: 64
nb_filters_1: 64
nb_epoch: 3
dropout: 0.154113329112
reg: 4.79907842444e-05
fractional_pooling: True
