acc: [0.24733333333333332, 0.24833333333333332, 0.24833333333333332]
loss: [12.153731768290202, 12.174714179992677, 12.168415184020995]
batch: [46, 46, 46]
val_acc: [0.24937308442463083, 0.24937308442463083, 0.24937308442463083]
val_loss: [12.098676237232276, 12.098676237232276, 12.098676237232276]
size: [31, 31, 31]
depth2: 2
depth1: 2
lr: 0.00330429694203
output_dir: ./
nb_filters_2: 64
nb_filters_1: 64
nb_epoch: 3
dropout: 0.154113329112
reg: 6.49764910324e-05
fractional_pooling: True
