acc: [0.14533333333333334, 0.14666666666666667]
loss: [13.710570658365885, 13.754108184814454]
batch: [46, 46]
val_acc: [0.13011981053218166, 0.13011981053218166]
val_loss: [14.020811889257295, 14.020811889257295]
size: [31, 31]
nb_filters_1: 32
nb_filters_2: 64
dropout: 0.499727185346
reg: 0.0361327519651
lr: 0.030517468933
nb_epoch: 2
