acc: [0.16133333333333333, 0.16066666666666668]
loss: [13.44699106089274, 13.528454841613769]
batch: [46, 46]
val_acc: [0.16912789077737531, 0.16912789077737531]
val_loss: [13.392075939077493, 13.392075939077493]
size: [31, 31]
nb_filters_1: 32
nb_filters_2: 64
dropout: 0.499727185346
reg: 0.0212600543111
lr: 0.0785856815888
nb_epoch: 2
