acc: [0.16400000000000001, 0.16166666666666665]
loss: [13.464533582051596, 13.512336789449057]
batch: [46, 46]
val_acc: [0.16912789077737531, 0.16912789077737531]
val_loss: [13.392075939077493, 13.392075939077493]
size: [31, 31]
nb_filters_1: 32
nb_filters_2: 64
dropout: 0.810136383491
reg: 0.0212600543111
lr: 0.0785856815888
nb_epoch: 2
