acc: [0.17466666666666666, 0.17399999999999999]
loss: [13.295142845153809, 13.313546897888184]
batch: [46, 46]
val_acc: [0.16912789077737531, 0.16912789077737531]
val_loss: [13.392075939077493, 13.392075939077493]
size: [31, 31]
nb_filters_1: 32
nb_filters_2: 64
dropout: 0.810136383491
reg: 0.0361327519651
lr: 0.030517468933
nb_epoch: 2
