acc: [0.17433333333333334, 0.17366666666666666]
loss: [13.238114112854005, 13.318919659932455]
batch: [46, 46]
val_acc: [0.16912789077737531, 0.16912789077737531]
val_loss: [13.392075939077493, 13.392075939077493]
size: [31, 31]
nb_filters_1: 32
nb_filters_2: 64
dropout: 0.499727185346
reg: 0.0136295459702
lr: 0.0785856815888
nb_epoch: 2
