acc: [0.14766666666666667, 0.13833333333333334]
loss: [13.692851305643718, 13.888425651550293]
batch: [46, 46]
val_acc: [0.18194483142936752, 0.18194483142936752]
val_loss: [13.185491313572944, 13.185491313572944]
size: [31, 31]
nb_filters_1: 77
nb_filters_2: 202
dropout: 0.568911661366
reg: 0.0795648751153
lr: 0.0975930867803
nb_epoch: 2
