acc: [0.155, 0.13933333333333334]
loss: [13.608054606119792, 13.872307589213053]
batch: [46, 46]
val_acc: [0.13820005572582891, 0.13820005572582891]
val_loss: [13.890573715758411, 13.890573715758411]
size: [31, 31]
nb_filters_1: 77
nb_filters_2: 202
dropout: 0.846292273119
reg: 0.0603820571472
lr: 0.051842775417
nb_epoch: 2
