acc: [0.16900000000000001, 0.15633333333333332]
loss: [13.378696881612141, 13.598299906412761]
batch: [46, 46]
val_acc: [0.16912789077737531, 0.16912789077737531]
val_loss: [13.392075939077493, 13.392075939077493]
size: [31, 31]
nb_filters_1: 77
nb_filters_2: 202
dropout: 0.846292273119
reg: 0.0795648751153
lr: 0.00975454510404
nb_epoch: 2
