acc: [0.15566666666666668, 0.157]
loss: [13.604425407409668, 13.587554481506348]
batch: [46, 46]
val_acc: [0.13820005572582891, 0.13820005572582891]
val_loss: [13.890573715758411, 13.890573715758411]
size: [31, 31]
nb_filters_1: 77
nb_filters_2: 202
dropout: 0.846292273119
reg: 0.0426953169666
lr: 0.00975454510404
nb_epoch: 2
