acc: [0.16166666666666665, 0.16033333333333333]
loss: [13.507954846700033, 13.533827545166016]
batch: [46, 46]
val_acc: [0.13011981053218166, 0.13011981053218166]
val_loss: [14.020811889257295, 14.020811889257295]
size: [31, 31]
nb_filters_1: 77
nb_filters_2: 202
dropout: 0.846292273119
reg: 0.0426953169666
lr: 0.051842775417
nb_epoch: 2
