acc: [0.189, 0.192]
loss: [13.014984052022298, 13.023421175638834]
batch: [46, 46]
val_acc: [0.16912789077737531, 0.16912789077737531]
val_loss: [13.392075939077493, 13.392075939077493]
size: [31, 31]
nb_filters_1: 77
nb_filters_2: 202
dropout: 0.568911661366
reg: 0.0426953169666
lr: 0.00975454510404
nb_epoch: 2
