acc: [0.21366666666666667, 0.20666666666666667]
loss: [12.632076416015625, 12.787022432963054]
batch: [46, 46]
val_acc: [0.24937308442463083, 0.24937308442463083]
val_loss: [12.098676237232276, 12.098676237232276]
size: [31, 31]
nb_filters_1: 77
nb_filters_2: 202
dropout: 0.568911661366
reg: 0.0603820571472
lr: 0.00975454510404
nb_epoch: 2
