acc: [0.20633333333333334, 0.19566666666666666, 0.21133333333333335]
loss: [12.697823463439942, 12.96432154337565, 12.711804667154947]
batch: [46, 46, 46]
val_acc: [0.24937308442463083, 0.24937308442463083, 0.24937308442463083]
val_loss: [12.098676237232276, 12.098676237232276, 12.098676237232276]
size: [31, 31, 31]
nb_filters_1: 64
nb_filters_2: 64
dropout: 0.391263601677
reg: 0.0585492050087
lr: 0.0245147405888
nb_epoch: 3
