acc: [0.20933333333333334, 0.22933333333333333, 0.25566666666666665]
loss: [4.120869258562724, 1.8309964577356974, 1.8018512144088745]
batch: [46, 46, 46]
val_acc: [0.24937308442463083, 0.24937308442463083, 0.24937308442463083]
val_loss: [1.9127935756046681, 1.8783877860473437, 1.8731647440237267]
size: [31, 31, 31]
nb_filters_1: 64
nb_filters_2: 64
dropout: 0.644169858125
reg: 0.0695455122404
lr: 0.000831275051312
nb_epoch: 3
