acc: [0.22333333333333333, 0.247, 0.28000000000000003]
loss: [2.1998541631698609, 1.8053163626988729, 1.7659571228027344]
batch: [46, 46, 46]
val_acc: [0.24937308442463083, 0.24937308442463083, 0.24937308442463083]
val_loss: [1.9158376533362684, 1.8861167676005732, 1.8939018565388104]
size: [31, 31, 31]
depth2: 2
depth1: 1
lr: 0.000831275051312
output_dir: ../outputs/
nb_filters_2: 64
nb_filters_1: 64
nb_epoch: 3
dropout: 0.311226581309
reg: 0.0695455122404
