acc: [0.15033333333333335, 0.14799999999999999, 0.14799999999999999]
loss: [38.156004740397137, 15.463041974385579, 13.73274412536621]
batch: [46, 46, 46]
val_acc: [0.13820005572582891, 0.13820005572582891, 0.13820005572582891]
val_loss: [13.890573715758411, 13.890573715758411, 13.890573715758411]
size: [31, 31, 31]
depth2: 2
depth1: 2
lr: 0.0612217547137
output_dir: ./
nb_filters_2: 64
nb_filters_1: 64
nb_epoch: 3
dropout: 0.129628341566
reg: 0.0589920388169
fractional_pooling: True
