acc: [0.14466666666666667, 0.14566666666666667, 0.14566666666666667]
loss: [24.948241859436035, 13.771273017883301, 13.770226844787597]
batch: [46, 46, 46]
val_acc: [0.13011981053218166, 0.13011981053218166, 0.13011981053218166]
val_loss: [14.020811889257295, 14.020811889257295, 14.020811889257295]
size: [31, 31, 31]
depth2: 2
depth1: 2
lr: 0.0194662422652
output_dir: ./
nb_filters_2: 64
nb_filters_1: 64
nb_epoch: 3
dropout: 0.129628341566
reg: 0.0840872638709
fractional_pooling: True
