acc: [0.17499999999999999, 0.17333333333333334, 0.15733333333333333]
loss: [48.87741845194499, 13.326843121846517, 33.366345326741538]
batch: [46, 46, 46]
val_acc: [0.16912789077737531, 0.16912789077737531, 0.13011981053218166]
val_loss: [13.392075939077493, 13.392075939077493, 14.020811889257295]
size: [31, 31, 31]
depth2: 2
depth1: 2
lr: 0.0993498171126
output_dir: ./
nb_filters_2: 64
nb_filters_1: 64
nb_epoch: 3
dropout: 0.129628341566
reg: 0.0589920388169
fractional_pooling: True
