acc: [0.16533333333333333, 0.16300000000000001, 0.16300000000000001]
loss: [37.379538118998212, 13.49262680053711, 13.490874860127766]
batch: [46, 46, 46]
val_acc: [0.18194483142936752, 0.18194483142936752, 0.18194483142936752]
val_loss: [13.185491313572944, 13.185491313572944, 13.185491313572944]
size: [31, 31, 31]
depth2: 2
depth1: 2
lr: 0.0993498171126
output_dir: ./
nb_filters_2: 64
nb_filters_1: 64
nb_epoch: 3
dropout: 0.129628341566
reg: 0.0244662875946
fractional_pooling: True
