acc: [0.17299999999999999, 0.17399999999999999, 0.17399999999999999]
loss: [44.396548255920408, 13.315702000935872, 13.313717699686686]
batch: [46, 46, 46]
val_acc: [0.16912789077737531, 0.16912789077737531, 0.16912789077737531]
val_loss: [13.392075939077493, 13.392075939077493, 13.392075939077493]
size: [31, 31, 31]
depth2: 2
depth1: 2
lr: 0.0993498171126
output_dir: ./
nb_filters_2: 64
nb_filters_1: 64
nb_epoch: 3
dropout: 0.129628341566
reg: 0.0840872638709
fractional_pooling: True
