acc: [0.247, 0.24833333333333332, 0.24833333333333332]
loss: [39.096101793924966, 12.124711634318034, 12.1154453125]
batch: [46, 46, 46]
val_acc: [0.24937308442463083, 0.24937308442463083, 0.24937308442463083]
val_loss: [12.098676237232276, 12.098676237232276, 12.098676237232276]
size: [31, 31, 31]
depth2: 2
depth1: 2
lr: 0.0612217547137
output_dir: ./
nb_filters_2: 64
nb_filters_1: 64
nb_epoch: 3
dropout: 0.129628341566
reg: 0.0244662875946
fractional_pooling: True
