acc: [0.112, 0.10766666666666666, 0.10766666666666666]
loss: [22.071310221354167, 14.383473650614421, 14.382721130371094]
batch: [46, 46, 46]
val_acc: [0.11563109501253831, 0.11563109501253831, 0.11563109501253831]
val_loss: [14.254342328675047, 14.254342328675047, 14.254342328675047]
size: [31, 31, 31]
depth2: 2
depth1: 2
lr: 0.0402175177575
output_dir: ./
nb_filters_2: 64
nb_filters_1: 64
nb_epoch: 3
dropout: 0.138235942561
reg: 0.054063134316
