acc: [0.14966666666666667, 0.14799999999999999, 0.14799999999999999]
loss: [24.776367838541667, 13.733604715983073, 13.732635175069174]
batch: [46, 46, 46]
val_acc: [0.13820005572582891, 0.13820005572582891, 0.13820005572582891]
val_loss: [13.890573715758411, 13.890573715758411, 13.890573715758411]
size: [31, 31, 31]
depth2: 2
depth1: 2
lr: 0.0402175177575
output_dir: ./
nb_filters_2: 64
nb_filters_1: 64
nb_epoch: 3
dropout: 0.138235942561
reg: 0.0804003738749
