acc: [0.17466666666666666, 0.17399999999999999, 0.17399999999999999]
loss: [23.625752342224121, 13.314234647115072, 13.313558990478516]
batch: [46, 46, 46]
val_acc: [0.16912789077737531, 0.16912789077737531, 0.16912789077737531]
val_loss: [13.392075939077493, 13.392075939077493, 13.392075939077493]
size: [31, 31, 31]
depth2: 2
depth1: 2
lr: 0.0346435974811
output_dir: ./
nb_filters_2: 64
nb_filters_1: 64
nb_epoch: 3
dropout: 0.138235942561
reg: 0.0804003738749
