acc: [0.23266666666666666, 0.246, 0.24766666666666667]
loss: [13.415924286524454, 1.8787634916305542, 1.8186614672342936]
batch: [46, 46, 46]
val_acc: [0.24937308442463083, 0.24937308442463083, 0.24937308442463083]
val_loss: [1.8175966017888627, 1.8181996155197024, 1.813760029867719]
size: [31, 31, 31]
depth2: 2
depth1: 2
lr: 0.0132853873369
output_dir: ./
nb_filters_2: 64
nb_filters_1: 64
nb_epoch: 3
dropout: 0.138235942561
reg: 0.0804003738749
