acc: [0.20666666666666667, 0.247, 0.24833333333333332]
loss: [14.379995794932048, 2.5895318285624187, 1.9400275363922119]
batch: [46, 46, 46]
val_acc: [0.24937308442463083, 0.24937308442463083, 0.24937308442463083]
val_loss: [1.8155391128589995, 1.8173343642038966, 1.8165700167259755]
size: [31, 31, 31]
depth2: 2
depth1: 2
lr: 0.0132853873369
output_dir: ./
nb_filters_2: 64
nb_filters_1: 64
nb_epoch: 3
dropout: 0.138235942561
reg: 0.0322621845999
