acc: [0.14933333333333335, 0.14366666666666666, 0.14333333333333334, 0.14633333333333334, 0.14099999999999999]
loss: [13.704651232401529, 13.802462481180827, 13.807835141499837, 13.759480875651041, 13.845444068908691]
batch: [46, 46, 46, 46, 46]
val_acc: [0.13011981053218166, 0.13011981053218166, 0.13011981053218166, 0.13011981053218166, 0.13011981053218166]
val_loss: [14.020811889257295, 14.020811889257295, 14.020811889257295, 14.020811889257295, 14.020811889257295]
size: [31, 31, 31, 31, 31]
nb_filters_1: 32
nb_filters_2: 64
dropout: 0.920622831514
reg: 0.000418386601794
lr: 0.0636402144912
nb_epoch: 5
