acc: [0.14499999999999999, 0.14566666666666667, 0.14566666666666667, 0.14566666666666667, 0.14566666666666667]
loss: [13.661648732503256, 13.770226277669272, 13.770226277669272, 13.770226277669272, 13.770226277669272]
batch: [46, 46, 46, 46, 46]
val_acc: [0.13011981053218166, 0.13011981053218166, 0.13011981053218166, 0.13011981053218166, 0.13011981053218166]
val_loss: [14.020811889257295, 14.020811889257295, 14.020811889257295, 14.020811889257295, 14.020811889257295]
size: [31, 31, 31, 31, 31]
nb_filters_1: 32
nb_filters_2: 64
dropout: 0.0715811210903
reg: 0.0493720677061
lr: 0.0358537361308
nb_epoch: 5
