acc: [0.17333333333333334, 0.17399999999999999, 0.17399999999999999, 0.17399999999999999, 0.17399999999999999]
loss: [13.218760683695475, 13.313546969095865, 13.313546969095865, 13.313546969095865, 13.313546969095865]
batch: [46, 46, 46, 46, 46]
val_acc: [0.16912789077737531, 0.16912789077737531, 0.16912789077737531, 0.16912789077737531, 0.16912789077737531]
val_loss: [13.392075939077493, 13.392075939077493, 13.392075939077493, 13.392075939077493, 13.392075939077493]
size: [31, 31, 31, 31, 31]
nb_filters_1: 32
nb_filters_2: 64
dropout: 0.0715811210903
reg: 0.000418386601794
lr: 0.0636402144912
nb_epoch: 5
