acc: [0.14566666666666667, 0.14566666666666667, 0.14566666666666667]
loss: [13.655142209370931, 13.770226277669272, 13.770226277669272]
batch: [46, 46, 46]
val_acc: [0.13011981053218166, 0.13011981053218166, 0.13011981053218166]
val_loss: [14.020811889257295, 14.020811889257295, 14.020811889257295]
size: [31, 31, 31]
depth2: 2
depth1: 2
lr: 0.0849584282453
output_dir: ./
nb_filters_2: 32
nb_filters_1: 32
nb_epoch: 3
dropout: 0.0181908873518
reg: 0.0319038350307
