acc: [0.17799999999999999, 0.17299999999999999, 0.16800000000000001]
loss: [13.14927234395345, 13.329665021260579, 13.410255526224772]
batch: [46, 46, 46]
val_acc: [0.16912789077737531, 0.16912789077737531, 0.16912789077737531]
val_loss: [13.392075939077493, 13.392075939077493, 13.392075939077493]
size: [31, 31, 31]
depth2: 2
depth1: 2
lr: 0.0849584282453
output_dir: ./
nb_filters_2: 32
nb_filters_1: 32
nb_epoch: 3
dropout: 0.0181908873518
reg: 0.0481083428866
