acc: [0.18033333333333335, 0.17433333333333334, 0.17399999999999999]
loss: [13.113782104492188, 13.308174268086752, 13.313546969095865]
batch: [46, 46, 46]
val_acc: [0.16912789077737531, 0.16912789077737531, 0.16912789077737531]
val_loss: [13.392075939077493, 13.392075939077493, 13.392075939077493]
size: [31, 31, 31]
depth2: 2
depth1: 2
lr: 0.034953416947
output_dir: ./
nb_filters_2: 32
nb_filters_1: 32
nb_epoch: 3
dropout: 0.0181908873518
reg: 0.0481083428866
