acc: [0.214, 0.20999999999999999, 0.21533333333333332]
loss: [12.553988588968913, 12.733295458475748, 12.647332275390625]
batch: [46, 46, 46]
val_acc: [0.23293396489272777, 0.23293396489272777, 0.23293396489272777]
val_loss: [12.363643540483094, 12.363643540483094, 12.363643540483094]
size: [31, 31, 31]
depth2: 2
depth1: 2
lr: 0.0923731083039
output_dir: ./
nb_filters_2: 32
nb_filters_1: 32
nb_epoch: 3
dropout: 0.0181908873518
reg: 0.0319038350307
