acc: [0.23633333333333334, 0.24433333333333335, 0.23966666666666667]
loss: [12.205968694051107, 12.179907544453938, 12.255125368754069]
batch: [46, 46, 46]
val_acc: [0.24937308442463083, 0.24937308442463083, 0.24937308442463083]
val_loss: [12.098676237232276, 12.098676237232276, 12.098676237232276]
size: [31, 31, 31]
depth2: 2
depth1: 2
lr: 0.0923731083039
output_dir: ./
nb_filters_2: 32
nb_filters_1: 32
nb_epoch: 3
dropout: 0.0181908873518
reg: 0.0604226944514
