acc: [0.24399999999999999, 0.24833333333333332, 0.24733333333333332]
loss: [12.084551073710124, 12.115435173034667, 12.131553276062011]
batch: [46, 46, 46]
val_acc: [0.24937308442463083, 0.24937308442463083, 0.24937308442463083]
val_loss: [12.098676237232276, 12.098676237232276, 12.098676237232276]
size: [31, 31, 31]
depth2: 2
depth1: 2
lr: 0.0923731083039
output_dir: ./
nb_filters_2: 32
nb_filters_1: 32
nb_epoch: 3
dropout: 0.0181908873518
reg: 0.0481083428866
